0.15 0.20
-0.12 0.05
0.10 -0.25
-0.18 -0.10
0.05 0.12
0.30 0.10
-0.08 -0.22
0.20 0.25
0.05 -0.15
-0.12 0.18
0.18 0.30
-0.10 0.05
0.14 -0.18
0.02 0.10
-0.20 -0.15
0.07 0.22
-0.14 0.04
0.09 0.19
-0.05 -0.10
0.11 0.12
0.13 -0.02
-0.09 0.15
0.16 0.27
-0.18 -0.08
0.04 0.08
0.19 -0.11
0.02 -0.14
-0.16 0.03
0.12 -0.07
-0.05 0.22
0.10 0.10
0.22 0.05
0.00 -0.05
-0.12 0.02
0.14 0.18
-0.08 -0.12
0.06 0.09
-0.10 0.11
0.18 -0.03
0.03 -0.10
-0.15 0.01
0.09 0.14
0.00 0.00
-0.07 -0.08
0.20 0.30
-0.10 0.05
0.15 -0.09
0.05 0.08
-0.11 -0.04

3.10 3.15
2.90 2.85
3.05 2.80
3.20 3.10
3.40 3.00
2.80 3.20
3.30 2.95
3.05 3.25
2.95 2.90
3.25 3.05
3.18 3.40
2.88 3.05
3.22 3.10
3.08 2.92
2.90 3.30
3.12 3.18
3.30 2.85
2.95 2.99
3.18 3.22
3.05 3.15
3.25 2.80
2.85 3.15
3.40 3.05
3.12 2.95
3.00 3.10
2.90 3.25
3.30 3.18
3.18 3.00
2.85 3.05
3.22 2.88
3.08 3.30
3.12 3.05
2.85 2.95
3.27 3.15
3.00 3.30
3.18 2.92
2.90 3.10
3.15 3.08
3.40 3.22
2.75 3.00
3.28 3.10
3.05 2.95
2.92 3.12
3.12 3.04
2.88 3.05
3.30 3.20
2.95 3.22
3.15 3.12
3.10 3.00
